
Voici les id à concerver si l'utilisateur à ces demandes  :
"Prix économique (moins de 10€)"[56]: 1,2,3,4,5,6,7,9,11,13,14,15,16,17,18,21,23,24,25,26,29,34,35,38,41,46,55,63,64,65,66,67,68,69,70,71,72,73,74,75,76,77,78,79,80,81,82,83,84,85,86,87,88,89,90,91
"Prix premium (plus de 25€)"[12]: 33,44,45,48,49,50,51,56,59,60,61,62
"Plats légers / Healthy"[14]: 1,2,3,4,5,15,16,24,34,46,55,63,64,67
"Plats réconfortants"[12]: 31,32,36,37,39,40,41,42,43,52,53,57
"Cuisine française traditionnelle"[11]: 31,32,39,41,52,53,56,57,69,70,71
"Cuisine asiatique"[15]: 7,11,12,16,23,24,28,42,43,46,47,54,55,58,60
"Cuisine méditerranéenne"[8]: 2,3,4,6,33,38,40,50
"Fruits de mer"[20]: 10,12,17,18,19,20,22,27,30,33,45,48,49,50,51,59,61,62,81,82
"Viandes grillées"[7]: 31,32,39,44,52,53,56
"Pâtes et riz"[9]: 34,36,40,42,47,54,55,58,59
Pizzas[2]: 38,62
Burgers[2]: 37,61
Salades[6]: 1,5,8,11,13,27
"Soupes et veloutés"[4]: 2,4,9,20
"Plats épicés"[6]: 11,12,28,42,43,60
"Plats sucrés-salés"[6]: 8,13,27,44,58,60
"Desserts chocolat"[5]: 65,68,75,88,91
"Desserts fruités"[7]: 63,64,66,67,73,86,87
"Desserts classiques français"[4]: 69,70,71,72
"Glaces et sorbets"[3]: 63,74,89
"Petit budget (moins de 15€ complet)"[56]: 1,2,3,4,5,6,7,9,11,13,14,15,16,17,18,21,23,24,25,26,29,34,35,38,41,46,55,63,64,65,66,67,68,69,70,71,72,73,74,75,76,77,78,79,80,81,82,83,84,85,86,87,88,89,90,91
"Menu enfant"[20]: 1,2,3,4,31,32,34,36,37,38,41,63,64,65,66,68,70,72,75,85
"Pour partager"[16]: 7,12,19,20,25,26,29,30,32,33,37,38,50,51,62,90
"Plats du jour recommandés"[7]: 31,33,39,45,49,51,57
"Rapide à préparer"[63]: 1,2,3,4,5,6,7,8,9,11,13,14,15,16,17,18,19,21,23,24,25,26,27,28,29,30,31,32,33,34,35,36,37,38,41,46,55,63,64,65,66,67,68,69,70,71,72,73,74,75,76,77,78,79,80,81,82,83,84,85,86,87,88,89,90,91
"Plats gourmands"[20]: 32,36,37,39,40,44,45,49,51,52,53,57,60,61,62,68,72,88,90,91
"Plats végétariens élaborés"[12]: 5,8,13,14,34,35,36,38,40,41,46,55
"Sans agrume (citron, citron vert)"[85]: 1,2,4,6,7,8,9,10,11,12,13,14,15,16,18,19,20,21,22,23,24,25,26,28,29,30,31,32,33,34,35,36,37,38,39,40,41,42,43,44,45,46,47,49,50,51,52,53,54,55,56,57,58,59,60,61,62,63,64,65,66,67,68,69,70,71,72,73,74,75,76,77,78,79,80,81,82,83,84,85,86,87,88,89,90,91
"Sans épices"[75]: 1,2,3,4,5,6,8,9,10,13,14,15,17,18,19,20,21,22,25,26,27,29,30,31,32,33,35,36,37,38,39,40,41,44,45,48,49,50,51,52,53,56,57,59,61,62,63,64,65,66,67,68,69,70,71,72,73,74,75,76,77,78,79,80,81,82,83,84,85,86,87,88,89,90,91
"Riches en protéines"[40]: 7,10,11,12,17,18,19,20,21,22,23,27,28,29,30,31,32,33,36,37,39,42,43,44,45,47,48,49,50,51,52,53,54,56,57,58,59,60,61,62
"Faibles en calories"[14]: 1,2,3,4,5,15,16,24,34,46,55,63,64,67
"Plats sans cuisson"[8]: 1,3,4,5,17,18,24,26
Chaud[53]: 2,6,7,8,9,10,11,12,13,14,16,19,20,21,22,23,25,27,28,29,30,31,32,33,34,35,36,37,38,39,40,41,42,43,44,45,46,47,48,49,50,51,52,53,54,55,56,57,58,59,60,61,62
Froid[12]: 1,3,4,5,15,17,18,24,26,63,64,66
"Pour l'été"[13]: 1,3,4,5,15,16,24,34,46,55,63,64,67
"Pour l'hiver"[14]: 2,9,20,31,35,36,39,40,41,42,43,52,53,57
Brunch[16]: 5,6,8,10,14,17,22,36,37,68,69,70,71,72,88,91
"Apéritif"[10]: 6,7,12,15,19,20,25,26,29,30,82
"Pour diabétique (sans sucre ajouté)"[45]: 1,2,3,4,7,8,9,10,11,12,13,17,18,19,20,21,22,23,24,25,27,28,29,30,31,32,33,35,39,44,45,47,48,49,50,51,52,53,56,57,58,59,60,61,62
"Sans maïs"[91]: 1,2,3,4,5,6,7,8,9,10,11,12,13,14,15,16,17,18,19,20,21,22,23,24,25,26,27,28,29,30,31,32,33,34,35,36,37,38,39,40,41,42,43,44,45,46,47,48,49,50,51,52,53,54,55,56,57,58,59,60,61,62,63,64,65,66,67,68,69,70,71,72,73,74,75,76,77,78,79,80,81,82,83,84,85,86,87,88,89,90,91
"Sans carotte"[90]: 2,3,4,5,6,7,8,9,10,11,12,13,14,15,16,17,18,19,20,21,22,23,24,25,26,27,28,29,30,31,32,33,34,35,36,37,38,39,40,41,42,43,44,45,46,47,48,49,50,51,52,53,54,55,56,57,58,59,60,61,62,63,64,65,66,67,68,69,70,71,72,73,74,75,76,77,78,79,80,81,82,83,84,85,86,87,88,89,90,91
"Sans poivron"[90]: 1,2,3,5,6,7,8,9,10,11,12,13,14,15,16,17,18,19,20,21,22,23,24,25,26,27,28,29,30,31,32,33,34,35,36,37,38,39,40,41,42,43,44,45,46,47,48,49,50,51,52,53,54,55,56,57,58,59,60,61,62,63,64,65,66,67,68,69,70,71,72,73,74,75,76,77,78,79,80,81,82,83,84,85,86,87,88,89,90,91
"Sans courgette"[89]: 1,2,4,5,6,7,8,9,10,11,12,13,14,15,16,17,18,19,20,21,22,23,24,25,26,27,28,29,30,31,32,33,34,36,37,38,39,40,41,42,43,44,45,46,47,48,49,50,51,52,53,54,55,56,57,58,59,60,61,62,63,64,65,66,67,68,69,70,71,72,73,74,75,76,77,78,79,80,81,82,83,84,85,86,87,88,89,90,91
"Sans champignon"[90]: 1,2,3,4,5,6,7,8,9,10,11,12,13,14,15,16,17,18,19,20,21,22,23,24,25,26,27,28,29,30,31,32,33,34,35,36,37,38,39,41,42,43,44,45,46,47,48,49,50,51,52,53,54,55,56,57,58,59,60,61,62,63,64,65,66,67,68,69,70,71,72,73,74,75,76,77,78,79,80,81,82,83,84,85,86,87,88,89,90,91
"Sans pomme de terre"[88]: 1,2,3,4,5,6,7,8,9,10,11,12,13,14,15,16,17,18,19,20,22,23,24,25,26,27,28,29,30,31,33,34,35,36,37,38,39,40,42,43,44,45,46,47,48,49,50,51,52,53,54,55,56,57,58,59,60,61,62,63,64,65,66,67,68,69,70,71,72,73,74,75,76,77,78,79,80,81,82,83,84,85,86,87,88,89,90,91
"Sans riz"[90]: 1,2,3,4,5,6,7,8,9,10,11,12,13,14,15,16,17,18,19,20,21,22,23,24,25,26,27,28,29,30,31,32,33,35,36,37,38,39,40,41,42,43,44,45,46,47,48,49,50,51,52,53,54,55,56,57,58,59,60,61,62,63,64,65,66,67,68,69,70,71,72,73,74,75,76,77,78,79,80,81,82,83,84,85,86,87,88,89,90,91
"Sans pain"[80]: 1,2,3,4,5,7,8,9,10,11,12,13,15,16,17,18,19,20,21,22,23,24,25,26,27,28,29,30,31,32,33,34,35,36,39,40,41,42,43,44,45,46,47,48,49,50,51,52,53,54,55,56,57,58,59,60,63,64,65,66,67,70,71,72,73,74,75,76,77,78,79,80,81,82,83,84,85,86,87,89
"Sans fromage"[63]: 1,2,3,4,5,7,11,12,15,16,17,18,19,20,21,23,24,25,26,28,29,30,31,32,33,34,37,42,43,46,47,48,49,50,51,52,53,54,55,56,57,58,60,63,64,65,66,67,74,75,76,77,78,79,80,81,82,83,84,85,86,87,89
"Sans beurre"[67]: 1,2,3,4,5,6,7,11,12,15,16,17,18,19,20,21,23,24,25,26,28,29,30,31,32,33,34,35,36,37,38,42,43,46,47,48,49,50,51,52,53,54,55,56,57,58,60,63,64,65,66,67,74,75,76,77,78,79,80,81,82,83,84,85,86,87,89
"Sans crème"[67]: 1,2,3,4,5,6,7,11,12,15,16,17,18,19,20,21,23,24,25,26,28,29,30,31,32,33,34,35,36,37,38,42,43,46,47,48,49,50,51,52,53,54,55,56,57,58,60,63,64,65,66,67,74,75,76,77,78,79,80,81,82,83,84,85,86,87,89
"Sans miel"[90]: 1,2,3,4,5,6,7,8,9,10,11,12,13,14,15,16,17,18,19,20,21,22,23,24,25,26,27,28,29,30,31,32,33,34,35,36,37,38,39,40,41,42,43,45,46,47,48,49,50,51,52,53,54,55,56,57,58,59,60,61,62,63,64,65,66,67,68,69,70,71,72,73,74,75,76,77,78,79,80,81,82,83,84,85,86,87,88,89,90,91
"Sans noix"[87]: 1,2,3,4,5,6,7,8,9,10,11,12,14,15,16,17,18,19,20,21,22,23,24,25,26,28,29,30,31,32,33,34,35,36,37,38,39,40,41,42,43,45,46,47,48,49,50,51,52,53,54,55,56,57,58,59,60,61,62,63,64,65,66,67,68,69,70,71,72,73,74,75,77,78,79,80,81,83,84,85,86,87,88,89,90,91
"Sans amande"[87]: 1,2,3,4,5,6,7,8,9,10,11,12,13,15,16,17,18,19,20,21,22,23,24,25,26,27,28,29,30,31,32,33,34,35,36,37,38,39,40,41,42,43,44,45,46,47,48,49,50,51,52,53,54,55,56,57,59,60,61,62,63,64,65,66,67,68,69,70,71,72,73,74,75,76,78,79,80,81,82,83,84,85,86,87,89,90,91
"Sans pistache"[91]: 1,2,3,4,5,6,7,8,9,10,11,12,13,14,15,16,17,18,19,20,21,22,23,24,25,26,27,28,29,30,31,32,33,34,35,36,37,38,39,40,41,42,43,44,45,46,47,48,49,50,51,52,53,54,55,56,57,58,59,60,61,62,63,64,65,66,67,68,69,70,71,72,73,74,75,76,77,78,79,80,81,82,83,84,85,86,87,88,89,90,91
"Sans cacahuète"[82]: 1,2,3,4,5,6,7,8,9,10,13,14,15,16,17,18,19,20,21,22,23,24,25,26,27,29,30,31,32,33,34,35,36,37,38,39,40,41,44,45,46,47,48,49,50,51,52,53,54,55,56,57,58,59,61,62,63,64,65,66,67,68,69,70,71,72,73,76,77,78,79,80,81,82,83,84,85,86,87,88,90,91
"Sans sésame"[83]: 1,2,3,4,5,6,7,8,9,10,11,12,13,14,15,16,17,18,19,20,21,22,25,26,27,29,30,31,32,33,34,35,36,37,38,39,40,41,42,43,44,45,46,47,48,49,50,51,52,53,56,57,58,59,61,62,63,64,65,66,67,68,69,70,71,72,73,74,75,76,77,78,79,80,81,82,83,86,87,88,89,90,91
"Sans soja"[81]: 1,2,3,4,5,6,7,8,9,10,11,12,13,14,17,18,19,20,21,22,23,24,25,26,27,29,30,31,32,33,34,35,36,37,38,39,40,41,42,43,44,45,48,49,50,51,52,53,54,56,57,59,60,61,62,63,64,65,66,67,68,69,70,71,72,73,74,75,76,77,78,81,82,83,84,85,86,87,88,90,91
"Sans œuf"[91]: 1,2,3,4,5,6,7,8,9,10,11,12,13,14,15,16,17,18,19,20,21,22,23,24,25,26,27,28,29,30,31,32,33,34,35,36,37,38,39,40,41,42,43,44,45,46,47,48,49,50,51,52,53,54,55,56,57,58,59,60,61,62,63,64,65,66,67,68,69,70,71,72,73,74,75,76,77,78,79,80,81,82,83,84,85,86,87,88,89,90,91
"Sans lait"[67]: 1,2,3,4,5,6,7,11,12,14,15,16,17,18,19,20,21,23,24,25,26,28,29,30,31,32,33,34,36,37,38,42,43,46,47,48,49,50,51,52,53,54,55,56,57,58,60,63,64,65,66,67,74,75,76,77,78,79,80,81,82,83,84,85,86,87,89
"Sans poisson"[78]: 1,2,3,4,5,6,7,8,9,10,11,12,13,14,15,16,19,20,21,22,23,24,25,26,28,29,31,32,34,35,36,37,38,39,40,41,42,43,44,46,47,51,52,53,54,55,56,57,58,60,63,64,65,66,67,68,69,70,71,72,73,74,75,76,77,78,79,80,82,83,84,85,86,87,88,89,90,91
"Sans crustacé"[83]: 1,2,3,4,5,6,7,8,9,10,11,12,13,14,15,16,17,18,21,22,23,24,25,26,27,28,29,31,32,33,34,35,36,37,38,39,40,41,42,43,44,45,46,47,48,49,52,53,54,55,56,57,58,60,61,63,64,65,66,67,68,69,70,71,72,73,74,75,76,77,78,79,80,81,83,84,85,86,87,88,89,90,91
"Sans viande rouge"[86]: 1,2,3,4,5,6,7,8,9,10,11,12,13,14,15,16,17,18,19,20,21,22,23,24,25,26,27,28,29,30,31,33,34,35,36,37,38,39,40,41,42,43,45,46,47,48,49,50,51,54,55,57,58,59,60,61,62,63,64,65,66,67,68,69,70,71,72,73,74,75,76,77,78,79,80,81,82,83,84,85,86,87,88,89,90,91
"Sans volaille"[84]: 1,2,3,4,5,6,7,8,9,10,12,13,14,15,16,17,18,19,20,21,22,23,24,25,26,27,29,30,32,33,34,35,36,37,38,39,40,41,43,44,45,46,47,48,49,50,51,52,53,56,57,59,60,61,62,63,64,65,66,67,68,69,70,71,72,73,74,75,76,77,78,79,80,81,82,83,84,85,86,87,88,89,90,91
"Sans canard"[87]: 1,2,3,4,5,6,7,8,9,10,11,12,13,14,15,16,17,18,19,20,21,22,23,24,25,26,27,28,29,30,31,32,33,34,35,36,37,38,40,41,42,43,45,46,47,48,49,50,51,52,53,54,55,56,58,59,61,62,63,64,65,66,67,68,69,70,71,72,73,74,75,76,77,78,79,80,81,82,83,84,85,86,87,88,89,90,91
"Sans agneau"[90]: 1,2,3,4,5,6,7,8,9,10,11,12,13,14,15,16,17,18,19,20,21,22,23,24,25,26,27,28,29,30,31,32,33,34,35,36,37,38,39,40,41,42,43,44,45,46,47,48,49,50,51,52,53,54,55,57,58,59,60,61,62,63,64,65,66,67,68,69,70,71,72,73,74,75,76,77,78,79,80,81,82,83,84,85,86,87,88,89,90,91
"Sans porc"[87]: 1,2,3,4,5,6,8,9,10,11,12,13,14,15,16,17,18,19,20,22,23,24,26,27,28,30,31,32,33,34,35,36,37,38,39,40,41,42,43,44,45,46,47,48,49,50,51,52,53,54,55,56,57,58,59,60,61,62,63,64,65,66,67,68,69,70,71,72,73,74,75,76,77,78,79,80,81,82,83,84,85,86,87,88,89,90,91
"Sans bœuf"[86]: 1,2,3,4,5,6,7,8,9,10,11,12,13,14,15,16,17,18,19,20,21,22,24,25,26,27,28,29,30,31,33,34,35,36,37,38,39,40,41,42,44,45,46,48,49,50,51,52,54,55,56,57,58,59,60,61,62,63,64,65,66,67,68,69,70,71,72,73,74,75,76,77,78,79,80,81,82,83,84,85,86,87,88,89,90,91
"Sans poulet"[84]: 1,2,3,4,5,6,7,8,9,10,12,13,14,15,16,17,18,19,20,21,22,23,24,25,26,27,29,30,32,33,34,35,36,37,38,39,40,41,43,44,45,46,47,48,49,50,51,52,53,56,57,59,60,61,62,63,64,65,66,67,68,69,70,71,72,73,74,75,76,77,78,79,80,81,82,83,84,85,86,87,88,89,90,91
"Sans saumon"[84]: 1,2,3,4,5,6,7,8,9,11,12,13,14,15,16,18,19,20,21,22,23,24,25,26,28,29,30,31,32,33,34,35,36,37,38,39,40,41,42,43,44,46,47,49,50,51,52,53,54,55,56,57,58,59,60,62,63,64,65,66,67,68,69,70,71,72,73,74,75,76,77,78,79,80,82,83,84,85,86,87,88,89,90,91
"Sans thon"[90]: 1,2,3,4,5,6,7,8,9,10,11,12,13,14,15,16,17,19,20,21,22,23,24,25,26,27,28,29,30,31,32,33,34,35,36,37,38,39,40,41,42,43,44,45,46,47,48,49,50,51,52,53,54,55,56,57,58,59,60,61,62,63,64,65,66,67,68,69,70,71,72,73,74,75,76,77,78,79,80,81,82,83,84,85,86,87,88,89,90,91
"Sans crevette"[84]: 1,2,3,4,5,6,7,8,9,10,11,13,14,15,16,17,18,19,21,22,23,24,25,26,27,28,29,31,32,33,34,35,36,37,38,39,40,41,42,43,44,45,46,47,48,49,52,53,54,55,56,57,58,60,61,62,63,64,65,66,67,68,69,70,71,72,73,74,75,76,77,78,79,80,81,83,84,85,86,87,88,89,90,91
"Sans moule"[90]: 1,2,3,4,5,6,7,8,9,10,11,12,13,14,15,16,17,18,19,20,21,22,23,24,25,26,27,28,29,30,31,32,33,34,35,36,37,38,39,40,41,42,43,44,45,46,47,48,49,50,51,52,53,54,55,56,57,58,60,61,62,63,64,65,66,67,68,69,70,71,72,73,74,75,76,77,78,79,80,81,82,83,84,85,86,87,88,89,90,91
"Sans calamar"[90]: 1,2,3,4,5,6,7,8,9,10,11,12,13,14,15,16,17,18,19,20,21,22,23,24,25,26,27,28,29,30,31,32,33,34,35,36,37,38,39,40,41,42,43,44,45,46,47,48,49,50,51,52,53,54,55,56,57,58,59,60,61,63,64,65,66,67,68,69,70,71,72,73,74,75,76,77,78,79,80,81,82,83,84,85,86,87,88,89,90,91
"Sans homard"[90]: 1,2,3,4,5,6,7,8,9,10,11,12,13,14,15,16,17,18,19,20,21,22,23,24,25,26,27,28,29,30,31,32,33,34,35,36,37,38,39,40,41,42,43,44,45,46,47,48,49,50,52,53,54,55,56,57,58,59,60,61,62,63,64,/package.json65,66,67,68,69,70,71,72,73,74,75,76,77,78,79,80,81,82,83,84,85,86,87,88,89,90,91
"Sans avocat"[89]: 1,2,3,4,5,6,7,8,9,10,11,12,13,15,16,17,18,19,20,21,22,23,24,25,26,28,29,30,31,32,33,34,35,36,37,38,39,40,41,42,43,44,45,46,47,48,49,50,51,52,53,54,55,56,57,58,59,60,61,62,63,64,65,66,67,68,69,70,71,72,73,74,75,76,77,78,79,80,81,82,83,84,85,86,87,88,89,90,91
"Sans tomate"[85]: 1,2,5,7,8,9,11,12,13,14,15,16,17,18,19,20,21,22,23,24,25,26,27,28,29,30,31,32,33,34,35,36,37,39,40,41,42,43,44,45,46,47,48,49,50,51,52,53,54,55,56,57,58,59,60,61,62,63,64,65,66,67,68,69,70,71,72,73,74,75,76,77,78,79,80,81,82,83,84,85,86,87,88,89,90,91
"Sans oignon"[91]: 1,2,3,4,5,6,7,8,9,10,11,12,13,14,15,16,17,18,19,20,21,22,23,24,25,26,27,28,29,30,31,32,33,34,35,36,37,38,39,40,41,42,43,44,45,46,47,48,49,50,51,52,53,54,55,56,57,58,59,60,61,62,63,64,65,66,67,68,69,70,71,72,73,74,75,76,77,78,79,80,81,82,83,84,85,86,87,88,89,90,91
"Sans ail"[91]: 1,2,3,4,5,6,7,8,9,10,11,12,13,14,15,16,17,18,19,20,21,22,23,24,25,26,27,28,29,30,31,32,33,34,35,36,37,38,39,40,41,42,43,44,45,46,47,48,49,50,51,52,53,54,55,56,57,58,59,60,61,62,63,64,65,66,67,68,69,70,71,72,73,74,75,76,77,78,79,80,81,82,83,84,85,86,87,88,89,90,91
"Sans citron"[85]: 1,2,4,6,7,8,9,11,12,13,14,15,16,18,19,20,21,22,23,24,25,26,28,29,30,31,32,33,34,35,36,37,38,39,40,41,42,43,44,45,46,47,49,50,51,52,53,54,55,56,57,58,59,60,61,62,63,64,65,66,67,68,69,70,71,72,73,74,75,76,77,78,79,80,81,82,83,84,85,86,87,88,89,90,91
"Sans basilic"[89]: 1,2,3,4,5,7,8,9,10,11,12,13,14,15,16,17,18,19,20,21,22,23,24,25,26,27,28,29,30,31,32,33,34,35,36,37,39,40,41,42,43,44,45,46,47,48,49,50,51,52,53,54,55,56,57,58,59,60,61,62,63,64,65,66,67,68,69,70,71,72,73,74,75,76,77,78,79,80,81,82,83,84,85,86,87,88,89,90,91
"Sans persil"[90]: 1,2,3,4,6,7,8,9,10,11,12,13,14,15,16,17,18,19,20,21,22,23,24,25,26,27,28,29,30,31,32,33,34,35,36,37,38,39,40,41,42,43,44,45,46,47,48,49,50,51,52,53,54,55,56,57,58,59,60,61,62,63,64,65,66,67,68,69,70,71,72,73,74,75,76,77,78,79,80,88,89,90,91"Sans ciboulette"[90]: 1,2,3,4,5,6,7,8,9,11,12,13,14,15,16,17,18,19,20,21,22,23,24,25,26,27,28,29,30,31,32,33,34,35,36,37,38,39,40,41,42,43,44,45,46,47,48,49,50,51,52,53,54,55,56,57,58,59,60,61,62,63,64,65,66,67,68,69,70,71,72,73,74,75,76,77,78,79,80,81,82,83,84,85,86,87,88,89,90,91